1
2
3
4
5
6
7
8
9
10
11
12
13
14
15
16
17
18
19
20
21
22
23
24
25
26
27
28
29
30
31
32
33
34
35
36
37
38
39
40
41
42
43
44
45
46
47
48
49
50
51
52
53
54
55
56
57
58
59
60
61
62
63
64
65
67
68
69
70
71
72
73
74
75
76
77
78
79
80
81
82
83
84
85
86
87
88
89
90
91
92
93
94
95
96
97
98
99
100
101
102
103
104
105
106
107
108
109
110
111
112
113
114
1004
1011
1016
1017
1021
1022
1023
1024
1025
1026
1027
1028
1029
1030
1032
1033
1037
1038
1039
1040
1050
1051
1053
1054
1056
1062
1063
1064
1065
1068
1069
1070
1072
1073
1078
1080
1081
1083
1089
2001
2002
2003
2004
2005
2006
2008
2009
2010
2011
2012
2013
2014
2015
2016
2017
2018
2020
2021
2022
2023
2024
2025
2026
2027
2028
2029
2030
2031
2032
2033
2034
2036
2037
2038
2039
2040
2041
2042
2043
2044
2045
2046
2047
2048
2050
2051
2053
2054
2055
2056
2060
2061
2062
2063
2064
2065
2067
2068
2069
2070
2071
2073
2076
2078
2080
2081
2083
2085
2087
2088
2089
2090
2091
2092
2093
2094
2095
2096
2097
2098
2099
2101
2102
2103
2107
3101
3102
3103
3104
3105
3106
3107
3108
3109
3110
3111
3112
3113
3115
3117
4001
4002
4011
4012
4013
4014
5002
5003
5008
5009
5012
5013
5015
5016
5017
5018
5020
5021
5023
5024
5025
5026
5027
5028
5032
5037
5038
5043
5045
5046
5050
5051
5053
5054
5055
5060
5061
5062
5063
5064
5065
5067
5069
5073
5076
5077
5080
5082
5083
5084
5085
5086
5087
5088
5089
5092
5093
5094
5095
5096
5097
5098
5099
5100
5101
5102
5103
5105
5106
5107
5108
5109
5110
5111
5113
5204
5205
5208
5209
5211
5212
5213
5214
5226
5227
5229
5231
5232
5237
5238
5242
5243
5244
5246
5250
5251
5254
5262
5267
5273
5276
5282
5288
5294
5296
5297
5299
5421
5426
5512
5513
5526
5530
5540
5560
5561
5563
5565
5576
5577
5596
5599
5609
5612
5694
5704
5709
5711
5712
5723
5725
5730
5771
5785
5794
5796
5804
5809
5811
5812
5830
5842
5867
5885
5894
5896
5904
5908
5909
5911
5912
5913
5923
5924
5925
5930
5931
5942
5943
5952
5967
5985
5986
5994
5996
